11 11
153 31
0 0
57 57
0 50
99 33
38 71
0 0
37 37
73 116
0 91
0 67
127 54
0 79
0 4
0 11
19 171
0 130
0 0
0 0
25 25
0 13
9 9
85 85
0 80
0 0
2 2
0 148
103 30
0 42
146 46
0 31
97 44
0 124
0 105
0 0
0 53
0 78
0 0
0 19
100 100
0 55
0 28
94 94
0 100
0 4
128 128
0 0
16 16
0 62
91 75
6 6
169 3
148 148
162 162
0 48
0 70
0 5
0 113
88 49
58 108
102 102
0 65
46 50
0 149
47 141
89 90
0 67
65 9
30 30
0 71
0 142
22 22
0 6
153 153
42 42
0 0
43 43
0 58
45 136
0 56
0 0
138 56
0 39
51 97
0 46
0 59
78 2
0 97
0 14
147 5
0 191
0 116
0 2
29 29
0 0
0 159
0 34
0 81
35 35
